Coefficients: [-0.07338696  0.25061512  0.33346167]
Intercept: 0.5402008522652381
MSE: 4.402272295805123
