Coefficients: [0.22555986 0.14294169 0.03882185]
Intercept: 0.10323091242606061
MSE: 4.405148242450383
