Coefficients: [ 0.00239884 -0.47204128  0.00239884]
Intercept: 0.017573951357375165
MSE: 0.7726580179042912
