Coefficients: [ 0.83095664  0.         -0.1470599 ]
Intercept: -0.6666223906017215
MSE: 0.507227732679172
